{
    "paths": {
        "SurCam04": "/datasets/xlabel/resource/eng/not_desensitized/driving/sync_frame/2025/05/08/13375C/20250508072555/20250508072723_000/20250508072722.934817_SurCam04.jpeg",
        "SurCam03": "/datasets/xlabel/resource/eng/not_desensitized/driving/sync_frame/2025/05/08/13375C/20250508072555/20250508072723_000/20250508072722.934787_SurCam03.jpeg",
        "SurCam02": "/datasets/xlabel/resource/eng/not_desensitized/driving/sync_frame/2025/05/08/13375C/20250508072555/20250508072723_000/20250508072722.934787_SurCam02.jpeg",
        "SurCam01": "/datasets/xlabel/resource/eng/not_desensitized/driving/sync_frame/2025/05/08/13375C/20250508072555/20250508072723_000/20250508072722.934787_SurCam01.jpeg",
        "SideRearCam02": "/datasets/xlabel/resource/eng/not_desensitized/driving/sync_frame/2025/05/08/13375C/20250508072555/20250508072723_000/20250508072722.966045_SideRearCam02.jpeg",
        "SideRearCam01": "/datasets/xlabel/resource/eng/not_desensitized/driving/sync_frame/2025/05/08/13375C/20250508072555/20250508072723_000/20250508072722.965976_SideRearCam01.jpeg",
        "SideFrontCam02": "/datasets/xlabel/resource/eng/not_desensitized/driving/sync_frame/2025/05/08/13375C/20250508072555/20250508072723_000/20250508072722.965546_SideFrontCam02.jpeg",
        "SideFrontCam01": "/datasets/xlabel/resource/eng/not_desensitized/driving/sync_frame/2025/05/08/13375C/20250508072555/20250508072723_000/20250508072722.965183_SideFrontCam01.jpeg",
        "RearCam01": "/datasets/xlabel/resource/eng/not_desensitized/driving/sync_frame/2025/05/08/13375C/20250508072555/20250508072723_000/20250508072722.966286_RearCam01.jpeg",
        "FrontCam02": "/datasets/xlabel/resource/eng/not_desensitized/driving/sync_frame/2025/05/08/13375C/20250508072555/20250508072723_000/20250508072722.964375_FrontCam02.jpeg",
        "FrontCam01": "/datasets/xlabel/resource/eng/not_desensitized/driving/sync_frame/2025/05/08/13375C/20250508072555/20250508072723_000/20250508072722.963859_FrontCam01.jpeg",
        "LidarFusion": "/datasets/xlabel/resource/eng/not_desensitized/driving/lidar_fusion/2025/05/08/13375C/20250508072555/13375C_2025050801/enhanced_slam/not_denoised/20250508072723_000_lidar_fusion.pcd",
        "label": "/datasets/xlabel/delivered_data/eng/eng_ad_object_detection_3d_t_filter/1.0.0/13375C/2025/05/08/20250508072555/13375C_20250508072723.000000_LidarFusion.json"
    },
    "ego_pose": {
        "orientation": [
            0.7252925277030919,
            0.006445121526768708,
            0.004589807880389847,
            -0.688395339416375
        ],
        "position": [
            -16.00869568908437,
            45.379399067139,
            -0.543346973087456
        ]
    },
    "parameters": {
        "FrontCam01": {
            "image_height": 2160,
            "image_width": 3840,
            "lidar2camera": [
                [
                    0.01155820826144895,
                    -0.9999271999121834,
                    0.0016479070257536402,
                    -0.07246127723696356
                ],
                [
                    0.007357863533188393,
                    -0.0015582088840686592,
                    -0.9999722312290981,
                    1.740900502164047
                ],
                [
                    0.9999082584401807,
                    0.011565343045888687,
                    0.007341126845099038,
                    -1.9711441401208385
                ],
                [
                    0,
                    0,
                    0,
                    1
                ]
            ],
            "lidar2camera_static": [
                [
                    0.011255396478995448,
                    -0.99993934897422,
                    0.001975260532688042,
                    -0.07272634455571286
                ],
                [
                    0.007581800878989853,
                    -0.001894700068215955,
                    -0.9999689480346494,
                    1.7404048975053672
                ],
                [
                    0.9999057857056973,
                    0.011274693618392449,
                    0.007558203430813349,
                    -1.9726609099652903
                ],
                [
                    0,
                    0,
                    0,
                    1
                ]
            ],
            "dist_coeffs": [
                -0.12780651362289625,
                -2.8429580888102812,
                -0.000968396884074909,
                0.0005795483034280899,
                15.335948654212851,
                0,
                0,
                0
            ],
            "camera_matrix": [
                [
                    7295.038762145742,
                    0,
                    1964.6265132149636
                ],
                [
                    0,
                    7295.907629889012,
                    1080.3411688716758
                ],
                [
                    0,
                    0,
                    1
                ]
            ]
        },
        "FrontCam02": {
            "image_height": 2160,
            "image_width": 3840,
            "lidar2camera": [
                [
                    0.010424562939021826,
                    -0.99962866534536,
                    -0.024994439529313277,
                    -0.059431263039249574
                ],
                [
                    0.006448137058870251,
                    0.0250541141879979,
                    -0.9996632045797847,
                    1.744147092885818
                ],
                [
                    0.9999284955562123,
                    0.010257958549557083,
                    0.006708909083106572,
                    -1.9743571849555366
                ],
                [
                    0,
                    0,
                    0,
                    1
                ]
            ],
            "lidar2camera_static": [
                [
                    0.010128053675099467,
                    -0.9996493629042204,
                    -0.02465181195038629,
                    -0.05973786305269224
                ],
                [
                    0.006681911969629084,
                    0.02472855008432043,
                    -0.9996739674792268,
                    1.7436656910632415
                ],
                [
                    0.9999227622376707,
                    0.009961958668763303,
                    0.006928029919913042,
                    -1.9758808539233532
                ],
                [
                    0,
                    0,
                    0,
                    1
                ]
            ],
            "dist_coeffs": [
                -0.034049232722088534,
                0.008472202135916486,
                0,
                0,
                -0.019044060806897155,
                0.009176172281889064,
                0,
                0
            ],
            "camera_matrix": [
                [
                    1901.8956477873126,
                    0,
                    1922.52081253954
                ],
                [
                    0,
                    1902.2429685532018,
                    1078.2301107170085
                ],
                [
                    0,
                    0,
                    1
                ]
            ]
        },
        "SideFrontCam01": {
            "image_height": 1280,
            "image_width": 1920,
            "lidar2camera": [
                [
                    0.8612877214742878,
                    -0.5041794732279512,
                    0.06315457871932292,
                    -1.418986324696842
                ],
                [
                    0.03564284020232766,
                    -0.06404359397184492,
                    -0.9973097307323743,
                    1.25180920839804
                ],
                [
                    0.506869707595552,
                    0.8612266911407069,
                    -0.037195511675857273,
                    -1.8597362079687216
                ],
                [
                    0,
                    0,
                    0,
                    1
                ]
            ],
            "lidar2camera_static": [
                [
                    0.8611187915960843,
                    -0.504417713546998,
                    0.06352334876264523,
                    -1.4204455410937753
                ],
                [
                    0.035844131877761067,
                    -0.0643931849286829,
                    -0.9972813158738011,
                    1.251266249389003
                ],
                [
                    0.5071348622726708,
                    0.8610495665285409,
                    -0.03736382638406215,
                    -1.860302541100927
                ],
                [
                    0,
                    0,
                    0,
                    1
                ]
            ],
            "dist_coeffs": [
                -0.002192859807671006,
                -0.02379661477156074,
                0,
                0,
                0.04497040832368638,
                -0.02222958254409114,
                0,
                0
            ],
            "camera_matrix": [
                [
                    1103.2898107447377,
                    0,
                    956.946933251901
                ],
                [
                    0,
                    1102.0755672023622,
                    640.7742526298953
                ],
                [
                    0,
                    0,
                    1
                ]
            ]
        },
        "SideFrontCam02": {
            "image_height": 1280,
            "image_width": 1920,
            "lidar2camera": [
                [
                    -0.8584965682798417,
                    -0.5099240918679185,
                    -0.054386238005709256,
                    1.38050583623347
                ],
                [
                    0.0219408582269215,
                    0.06943418137147944,
                    -0.9973416099800202,
                    1.2828494027989739
                ],
                [
                    0.5123411484001799,
                    -0.8574170809655158,
                    -0.04842719819026219,
                    -1.871230924380842
                ],
                [
                    0,
                    0,
                    0,
                    1
                ]
            ],
            "lidar2camera_static": [
                [
                    -0.8586469741210987,
                    -0.5096744832983876,
                    -0.05441042994187935,
                    1.3817140701406383
                ],
                [
                    0.022186723825608906,
                    0.06909497604801719,
                    -0.9973669534602875,
                    1.2823646570753664
                ],
                [
                    0.512095605731355,
                    -0.8575838541229727,
                    -0.04801382348417564,
                    -1.87230897411577
                ],
                [
                    0,
                    0,
                    0,
                    1
                ]
            ],
            "dist_coeffs": [
                -0.025066293673736816,
                0.06562708722028977,
                0,
                0,
                -0.08386698733382088,
                0.040484586528171836,
                0,
                0
            ],
            "camera_matrix": [
                [
                    1105.8343876495767,
                    0,
                    962.3082140443635
                ],
                [
                    0,
                    1105.1215454769551,
                    640.0726577981634
                ],
                [
                    0,
                    0,
                    1
                ]
            ]
        },
        "SurCam01": {
            "image_height": 1536,
            "image_width": 1920,
            "lidar2camera": [
                [
                    0.9987400979236105,
                    -0.037194776423373974,
                    0.033732779404492715,
                    -1.9671129040315418
                ],
                [
                    0.0035448556773677972,
                    -0.6178189379729734,
                    -0.7863208322181054,
                    1.6830888537428583
                ],
                [
                    0.05008870897915189,
                    0.7854483447228574,
                    -0.6169057250544245,
                    -0.20114917576340677
                ],
                [
                    0,
                    0,
                    0,
                    1
                ]
            ],
            "lidar2camera_static": [
                [
                    0.9987268314639837,
                    -0.03735367414931891,
                    0.03385681873888098,
                    -1.9679263236424034
                ],
                [
                    0.003544781862306775,
                    -0.6179508217707027,
                    -0.7862003302562726,
                    1.6827612485284205
                ],
                [
                    0.05028838902730176,
                    0.7853207574511347,
                    -0.6170346273608153,
                    -0.2012312111436227
                ],
                [
                    0,
                    0,
                    0,
                    1
                ]
            ],
            "dist_coeffs": [
                0.14407455299567806,
                -0.06346100091558493,
                0,
                0,
                0.017924800008999472,
                -0.002027846809436926,
                0,
                0
            ],
            "camera_matrix": [
                [
                    447.1860453892452,
                    0,
                    964.2359446139016
                ],
                [
                    0,
                    446.35928787140256,
                    764.1372047752307
                ],
                [
                    0,
                    0,
                    1
                ]
            ]
        },
        "SurCam02": {
            "image_height": 1536,
            "image_width": 1920,
            "lidar2camera": [
                [
                    0.0051824737934917965,
                    -0.9999506790847577,
                    0.008320712908866868,
                    -0.028408147663361107
                ],
                [
                    -0.21694632924971857,
                    -0.009250601936883667,
                    -0.976135484033276,
                    1.8122512104635222
                ],
                [
                    0.9761733038523664,
                    0.0032563823564087237,
                    -0.21698727455752861,
                    -3.3919637156217877
                ],
                [
                    0,
                    0,
                    0,
                    1
                ]
            ],
            "lidar2camera_static": [
                [
                    0.005023464878160951,
                    -0.9999525040908047,
                    0.008503028319006125,
                    -0.0285699546744492
                ],
                [
                    -0.21683340454201347,
                    -0.00938639857025853,
                    -0.9761677128857774,
                    1.8121978996231463
                ],
                [
                    0.976192168714881,
                    0.0030572718382981794,
                    -0.21686655438146335,
                    -3.392806503024224
                ],
                [
                    0,
                    0,
                    0,
                    1
                ]
            ],
            "dist_coeffs": [
                0.1490003216662195,
                -0.07001618949080504,
                0,
                0,
                0.02114292874707257,
                -0.002594487363001232,
                0,
                0
            ],
            "camera_matrix": [
                [
                    445.91425701629714,
                    0,
                    961.5281147702798
                ],
                [
                    0,
                    446.3209207500442,
                    765.5430204851502
                ],
                [
                    0,
                    0,
                    1
                ]
            ]
        },
        "SurCam03": {
            "image_height": 1536,
            "image_width": 1920,
            "lidar2camera": [
                [
                    -0.9997872161548192,
                    -0.02020074425767301,
                    -0.0037929071742814043,
                    1.9271789390853846
                ],
                [
                    -0.008280803782454849,
                    0.5648261286169362,
                    -0.8251681017346227,
                    1.7224280927178046
                ],
                [
                    0.01880503328587162,
                    -0.8249660494375862,
                    -0.564879680461653,
                    -0.2609025512721214
                ],
                [
                    0,
                    0,
                    0,
                    1
                ]
            ],
            "lidar2camera_static": [
                [
                    -0.9997931948927007,
                    -0.0200341441363885,
                    -0.003907271031606515,
                    1.9280165974136012
                ],
                [
                    -0.008091132639910334,
                    0.5646823867852457,
                    -0.8252689332788671,
                    1.7223057443378647
                ],
                [
                    0.018746233466912083,
                    -0.8250617106204495,
                    -0.5647212473274233,
                    -0.26119704376533326
                ],
                [
                    0,
                    0,
                    0,
                    1
                ]
            ],
            "dist_coeffs": [
                0.136487115718516,
                -0.06290648778380789,
                0,
                0,
                0.01940135725531582,
                -0.0023979301608553234,
                0,
                0
            ],
            "camera_matrix": [
                [
                    449.5364572994183,
                    0,
                    956.5434412133831
                ],
                [
                    0,
                    448.8995375557559,
                    766.7871578511161
                ],
                [
                    0,
                    0,
                    1
                ]
            ]
        },
        "SurCam04": {
            "image_height": 1536,
            "image_width": 1920,
            "lidar2camera": [
                [
                    -0.001917410281260114,
                    0.9994136296710743,
                    0.0340489539560646,
                    -0.025846677351188663
                ],
                [
                    0.3395811696491644,
                    0.032672992174050536,
                    -0.9400052117951793,
                    1.4376252881605036
                ],
                [
                    -0.9405726027168216,
                    0.009758715150806015,
                    -0.33944461035212997,
                    -0.9611192961332999
                ],
                [
                    0,
                    0,
                    0,
                    1
                ]
            ],
            "lidar2camera_static": [
                [
                    -0.0017600368592459276,
                    0.9994295091661697,
                    0.033866616010464555,
                    -0.02568898504987646
                ],
                [
                    0.33970041118072597,
                    0.03245373366968963,
                    -0.9399774957331894,
                    1.4371114479606304
                ],
                [
                    -0.9405342441570551,
                    0.009851400158911578,
                    -0.33956382097832377,
                    -0.9604244718553218
                ],
                [
                    0,
                    0,
                    0,
                    1
                ]
            ],
            "dist_coeffs": [
                0.1518071722539429,
                -0.07413483356852749,
                0,
                0,
                0.023003474281925597,
                -0.0028169110316381835,
                0,
                0
            ],
            "camera_matrix": [
                [
                    446.13847596252555,
                    0,
                    945.0265988045295
                ],
                [
                    0,
                    446.36917661353135,
                    776.2239607002173
                ],
                [
                    0,
                    0,
                    1
                ]
            ]
        },
        "SideRearCam01": {
            "image_height": 1280,
            "image_width": 1920,
            "lidar2camera": [
                [
                    0.7243227295404451,
                    0.6891458640077985,
                    0.020827985788939008,
                    -2.3522542426667212
                ],
                [
                    -0.017394642566559714,
                    0.04847479862823305,
                    -0.9986695742376123,
                    0.9702965130970401
                ],
                [
                    -0.6892417534293487,
                    0.7230019452644174,
                    0.047094823213444055,
                    0.8047406438852903
                ],
                [
                    0,
                    0,
                    0,
                    1
                ]
            ],
            "lidar2camera_static": [
                [
                    0.7245315035876808,
                    0.6889293196749073,
                    0.02076654633832452,
                    -2.353213370360558
                ],
                [
                    -0.017151917161050485,
                    0.04813265342022445,
                    -0.998697031796692,
                    0.9698623216016052
                ],
                [
                    -0.6890281037491917,
                    0.7232261076845765,
                    0.046694106082201835,
                    0.8060507930818652
                ],
                [
                    0,
                    0,
                    0,
                    1
                ]
            ],
            "dist_coeffs": [
                -0.01620763860946571,
                0.029742931903545725,
                0,
                0,
                -0.037723595264491525,
                0.02485099280147031,
                0,
                0
            ],
            "camera_matrix": [
                [
                    1105.3681536490176,
                    0,
                    958.2047173184104
                ],
                [
                    0,
                    1105.8818669942007,
                    633.810910730981
                ],
                [
                    0,
                    0,
                    1
                ]
            ]
        },
        "SideRearCam02": {
            "image_height": 1280,
            "image_width": 1920,
            "lidar2camera": [
                [
                    -0.7422038893379717,
                    0.670067556512038,
                    0.011399401807773562,
                    2.3629392761718258
                ],
                [
                    -0.04911830150685538,
                    -0.03742482802017741,
                    -0.998091526516853,
                    1.047922879537851
                ],
                [
                    -0.6683676494034159,
                    -0.7413566544756424,
                    0.0606912612789999,
                    0.7278003239834028
                ],
                [
                    0,
                    0,
                    0,
                    1
                ]
            ],
            "lidar2camera_static": [
                [
                    -0.7420109546570219,
                    0.670307113000589,
                    0.011001254563171782,
                    2.364338259201973
                ],
                [
                    -0.04890007840466375,
                    -0.03775155600598486,
                    -0.9980900168589865,
                    1.0474954171762398
                ],
                [
                    -0.6686060002250964,
                    -0.7411223684326355,
                    0.06078830848855233,
                    0.7286886013852889
                ],
                [
                    0,
                    0,
                    0,
                    1
                ]
            ],
            "dist_coeffs": [
                -0.008494009759916633,
                -0.006195053929156861,
                0,
                0,
                0.019564581901335608,
                -0.006531579423838574,
                0,
                0
            ],
            "camera_matrix": [
                [
                    1105.9160993102046,
                    0,
                    956.7307310591186
                ],
                [
                    0,
                    1105.7129942792267,
                    640.2538275015997
                ],
                [
                    0,
                    0,
                    1
                ]
            ]
        },
        "RearCam01": {
            "image_height": 1280,
            "image_width": 1920,
            "lidar2camera": [
                [
                    -0.02309445155485667,
                    0.9995260784719039,
                    0.02012731631285763,
                    -0.03874732399579935
                ],
                [
                    -0.043666760110566465,
                    0.01909832102820111,
                    -0.9988634543296446,
                    1.1540397053035314
                ],
                [
                    -0.9987826828801896,
                    -0.023943582939862183,
                    0.043212749445652975,
                    -1.4343811193587226
                ],
                [
                    0,
                    0,
                    0,
                    1
                ]
            ],
            "lidar2camera_static": [
                [
                    -0.022786645396010132,
                    0.9995493689542541,
                    0.019773311774006954,
                    -0.03841256887807604
                ],
                [
                    -0.04343747032093389,
                    0.018776540107446216,
                    -0.9988798204049987,
                    1.1536080994230073
                ],
                [
                    -0.9987927543205714,
                    -0.02362354350754289,
                    0.04298229557955494,
                    -1.4327550834133056
                ],
                [
                    0,
                    0,
                    0,
                    1
                ]
            ],
            "dist_coeffs": [
                -0.4983330336270508,
                0.2545274185156857,
                -0.0010190816655966826,
                -0.00044182008136296324,
                -0.06590263740591859,
                0,
                0,
                0
            ],
            "camera_matrix": [
                [
                    1942.6455417794728,
                    0,
                    948.7603275544387
                ],
                [
                    0,
                    1943.1265270530814,
                    640.9715054844638
                ],
                [
                    0,
                    0,
                    1
                ]
            ]
        }
    },
    "object_infos": {
        "000000": {
            "category": "vehicle",
            "sub_category": "car",
            "in_cameras": {},
            "position": {
                "x": 1.0959243774414062,
                "y": -0.03054046630859375,
                "z": 0.9817999601364136
            },
            "rotation": {
                "pitch": 0,
                "yaw": 6.283312189577622,
                "roll": 0
            },
            "dimension": {
                "width": 2.3287577629089355,
                "height": 1.9400749206542969,
                "length": 4.791347503662109
            }
        },
        "000001": {
            "category": "vehicle",
            "sub_category": "car",
            "in_cameras": {
                "SurCam01": {
                    "xyxy": [
                        655.537353515625,
                        458.89483642578125,
                        748.0543823242188,
                        512.6658325195312
                    ],
                    "occupy": "0"
                },
                "SurCam04": {
                    "xyxy": [
                        1541.7139892578125,
                        715.4376220703125,
                        1661.31884765625,
                        797.685791015625
                    ],
                    "occupy": "0"
                },
                "SideRearCam01": {
                    "xyxy": [
                        1164.06103515625,
                        663.2787475585938,
                        1347.923583984375,
                        763.3621826171875
                    ],
                    "occupy": "0"
                }
            },
            "position": {
                "x": -5.938568115234375,
                "y": 16.227630615234375,
                "z": 0.7019819021224976
            },
            "rotation": {
                "pitch": 0,
                "yaw": 2.4390278498279017,
                "roll": 0
            },
            "dimension": {
                "width": 1.897430419921875,
                "height": 1.5164653062820435,
                "length": 4.625298023223877
            }
        },
        "000002": {
            "category": "vehicle",
            "sub_category": "car",
            "in_cameras": {
                "SurCam01": {
                    "xyxy": [
                        1374.251220703125,
                        539.1187744140625,
                        1472.55322265625,
                        596.4580078125
                    ],
                    "occupy": "2"
                },
                "SurCam02": {
                    "xyxy": [
                        562.0554809570312,
                        662.9595336914062,
                        663.1231079101562,
                        712.6405639648438
                    ],
                    "occupy": "2"
                },
                "SideFrontCam01": {
                    "xyxy": [
                        1300.89794921875,
                        619.1502685546875,
                        1482.6795654296875,
                        709.5307006835938
                    ],
                    "occupy": "1"
                },
                "FrontCam02": {
                    "xyxy": [
                        521.1151123046875,
                        1145.9910888671875,
                        824.5794677734375,
                        1312.1326904296875
                    ],
                    "occupy": "1"
                }
            },
            "position": {
                "x": 17.495559692382812,
                "y": 12.372093200683594,
                "z": 0.7745562195777893
            },
            "rotation": {
                "pitch": 0,
                "yaw": 3.2607722918139856,
                "roll": 0
            },
            "dimension": {
                "width": 1.8809010982513428,
                "height": 1.544071912765503,
                "length": 4.579534530639648
            }
        },
        "000003": {
            "category": "vehicle",
            "sub_category": "car",
            "in_cameras": {
                "SurCam01": {
                    "xyxy": [
                        787.1689453125,
                        450.77105712890625,
                        831.6199340820312,
                        481.23150634765625
                    ],
                    "occupy": "0"
                },
                "SurCam04": {
                    "xyxy": [
                        1648.2431640625,
                        752.2158813476562,
                        1690.245361328125,
                        800.396240234375
                    ],
                    "occupy": "1"
                },
                "SideFrontCam01": {
                    "xyxy": [
                        28.195798873901367,
                        550.8353881835938,
                        122.68089294433594,
                        616.6865844726562
                    ],
                    "occupy": "0"
                },
                "SideRearCam01": {
                    "xyxy": [
                        1447.5556640625,
                        679.952880859375,
                        1542.04736328125,
                        741.0376586914062
                    ],
                    "occupy": "0"
                }
            },
            "position": {
                "x": -5.667144775390625,
                "y": 29.28905487060547,
                "z": 0.6480991840362549
            },
            "rotation": {
                "pitch": 0,
                "yaw": 1.611530605946676,
                "roll": 0
            },
            "dimension": {
                "width": 1.8944448232650757,
                "height": 1.5555603504180908,
                "length": 4.561126708984375
            }
        },
        "000004": {
            "category": "vehicle",
            "sub_category": "car",
            "in_cameras": {
                "SurCam03": {
                    "xyxy": [
                        1019.9609375,
                        482.9173889160156,
                        1058.4361572265625,
                        507.4088439941406
                    ],
                    "occupy": "2"
                },
                "SurCam04": {
                    "xyxy": [
                        124.23442840576172,
                        725.0957641601562,
                        168.15176391601562,
                        769.286865234375
                    ],
                    "occupy": "1"
                },
                "SideFrontCam02": {
                    "xyxy": [
                        1677.0103759765625,
                        543.9346313476562,
                        1764.7337646484375,
                        600.4232788085938
                    ],
                    "occupy": "1"
                },
                "SideRearCam02": {
                    "xyxy": [
                        276.7345886230469,
                        672.0077514648438,
                        364.9527587890625,
                        727.0707397460938
                    ],
                    "occupy": "1"
                }
            },
            "position": {
                "x": -2.42889404296875,
                "y": -30.81987762451172,
                "z": 0.7707290053367615
            },
            "rotation": {
                "pitch": 0,
                "yaw": 1.6484273115741175,
                "roll": 0
            },
            "dimension": {
                "width": 1.9390205144882202,
                "height": 1.59944748878479,
                "length": 4.65848445892334
            }
        },
        "000005": {
            "category": "vehicle",
            "sub_category": "car",
            "in_cameras": {
                "SurCam01": {
                    "xyxy": [
                        118.80609130859375,
                        694.193359375,
                        207.53506469726562,
                        803.1240234375
                    ],
                    "occupy": "0"
                },
                "SurCam04": {
                    "xyxy": [
                        957.2369384765625,
                        613.6871948242188,
                        1049.0657958984375,
                        649.8948364257812
                    ],
                    "occupy": "1"
                },
                "SideRearCam01": {
                    "xyxy": [
                        41.67662048339844,
                        638.2282104492188,
                        219.2407989501953,
                        718.2698974609375
                    ],
                    "occupy": "1"
                },
                "RearCam01": {
                    "xyxy": [
                        1034.795166015625,
                        712.0772094726562,
                        1382.2705078125,
                        857.4334716796875
                    ],
                    "occupy": "1"
                }
            },
            "position": {
                "x": -24.507766723632812,
                "y": 3.2543869018554688,
                "z": 0.5662198066711426
            },
            "rotation": {
                "pitch": 0,
                "yaw": 4.887773458157675,
                "roll": 0
            },
            "dimension": {
                "width": 1.9529390335083008,
                "height": 1.7915452718734741,
                "length": 4.684726715087891
            }
        },
        "000006": {
            "category": "vehicle",
            "sub_category": "car",
            "in_cameras": {
                "SurCam02": {
                    "xyxy": [
                        618.5895385742188,
                        660.7925415039062,
                        713.2623901367188,
                        708.4925537109375
                    ],
                    "occupy": "2"
                },
                "SideFrontCam01": {
                    "xyxy": [
                        1417.1748046875,
                        622.4127807617188,
                        1602.6734619140625,
                        722.7588500976562
                    ],
                    "occupy": "1"
                },
                "FrontCam02": {
                    "xyxy": [
                        707.2899169921875,
                        1143.23828125,
                        994.936767578125,
                        1313.8551025390625
                    ],
                    "occupy": "2"
                }
            },
            "position": {
                "x": 17.6776123046875,
                "y": 10.075653076171875,
                "z": 0.7959712147712708
            },
            "rotation": {
                "pitch": 0,
                "yaw": 3.2657366434680384,
                "roll": 0
            },
            "dimension": {
                "width": 1.8897705078125,
                "height": 1.5250352621078491,
                "length": 4.63940954208374
            }
        },
        "000007": {
            "category": "vehicle",
            "sub_category": "car",
            "in_cameras": {},
            "position": {
                "x": -14.497634887695312,
                "y": 59.04084014892578,
